
Rician
2

Rician
3
[0.41760923 0.60320102 0.71430683 0.78418767 0.81635434 0.83351709 0.83447743]

Rician
4
0.3758477301243779 0.5513889622638848 0.6791147140362426 0.738276030831145 0.775154801057932 0.7855812583529225 0.7890007027454364

Rayleigh
2
0.24778430208663652 0.4914229168474284 0.6234316810259233 0.7366962725503247 0.804935637949179 0.8514473008129537 0.8592001236058964

Rayleigh
3
0.20934288965575593 0.39952964604732644 0.5591322791842337 0.6846490884136012 0.7587716340920249 0.8087580100576972 0.8179758996846151

Rayleigh
4
0.16160327443105685 0.3657794905851055 0.5201967550825642 0.6355342463590606 0.7101006008808349 0.7513193230221504 0.7845047935474156

Rician
1
0.6071177667297439 0.7572714472465666 0.8352636109546507 0.8919790069290305 0.9154999845733054 0.9294077283675503 0.9280398160262587
